NE,Card,Object,Tx Optical Power(dBm),Rx Optical Power(dBm),Tx Laser Bias Current(mA),Transceiver Temperature(Celsius),3.3V supply voltage(V),+5V supply voltage(V),+1.8V supply voltage(V),XFP temperature(Celsius),TEC current(mA),Laser wavelength(nm)
IGES,A1:SAM_4,oPort 1-SFP,1.0,-16.9,30.0,43.6,3.28,NA,NA,NA,NA,NA
IGES,A2:SAM_4,oPort 1-SFP,-10.0,-25.9,9.7,21.0,3.27,NA,NA,NA,NA,NA
VES,A1:SAM_4,oPort 1-SFP,1.4,-15.8,30.0,42.3,3.28,NA,NA,NA,NA,NA
VES,A2:SAM_4,oPort 1-SFP,1.5,-9.6,30.1,45.3,3.28,NA,NA,NA,NA,NA
TEC-9,A1:SAM_4,oPort 1-SFP,-10.1,-14.2,10.2,24.2,3.28,NA,NA,NA,NA,NA
TEC-9,A2:SAM_4,oPort 1-SFP,-10.0,-15.4,10.2,24.8,3.28,NA,NA,NA,NA,NA
Kirovskaya_ITC,A1:SAM_4,oPort 1-SFP,1.2,-10.6,30.0,41.6,3.28,NA,NA,NA,NA,NA
Kirovskaya_ITC,A2:SAM_4,oPort 1-SFP,2.9,-13.2,34.4,29.6,3.49,NA,NA,NA,NA,NA
TEC-1,A1:SAM_4,oPort 1-SFP,-10.0,-13.4,10.5,28.0,3.28,NA,NA,NA,NA,NA
TEC-1,A2:SAM_4,oPort 1-SFP,-10.0,-12.8,11.3,28.7,3.27,NA,NA,NA,NA,NA
BCBK_BG,XS A:SAM_16,oPort 1-SFP,-3.0,-2.5,19.4,37.9,3.33,NA,NA,NA,NA,NA
BCBK_BG,XS B:SAM_16,oPort 1-SFP,0.5,-9.9,22.6,43.8,3.31,NA,NA,NA,NA,NA
BCBK_BG,TS2:DMGE_4_L2,GE-ETY port 1-SFP,-4.8,-4.7,13.7,33.9,3.26,NA,NA,NA,NA,NA
BCBK_BG,TS2:DMGE_4_L2,GE-ETY port 2-SFP,-40.0,-40.0,4.0,31.8,3.28,NA,NA,NA,NA,NA
Pereval,XS A:SAM_16,oPort 1-SFP,0.6,-22.7,19.6,31.6,3.31,NA,NA,NA,NA,NA
Pereval,XS B:SAM_16,oPort 1-SFP,0.5,-11.4,18.9,29.1,3.31,NA,NA,NA,NA,NA
Pereval,TS2:DMGE_4_L2,GE-ETY port 1-SFP,-5.1,-6.6,11.5,20.6,3.28,NA,NA,NA,NA,NA
Pereval,TS2:DMGE_4_L2,GE-ETY port 2-SFP,-40.0,-40.0,4.0,18.3,3.3,NA,NA,NA,NA,NA
Rudnaya,XS A:SAM_16,oPort 1-SFP,0.5,-9.6,24.3,47.5,3.31,NA,NA,NA,NA,NA
Rudnaya,XS B:SAM_16,oPort 1-SFP,0.6,-9.2,23.3,44.6,3.31,NA,NA,NA,NA,NA
Rudnaya,TS2:DMGE_4_L2,GE-ETY port 1-SFP,-5.2,-5.2,12.7,34.9,3.27,NA,NA,NA,NA,NA
Rudnaya,TS2:DMGE_4_L2,GE-ETY port 2-SFP,-40.0,-37.0,4.0,32.3,3.3,NA,NA,NA,NA,NA
Kultuk_BG,XS A:SAM_16,oPort 1-SFP,0.4,-23.7,23.7,46.5,3.32,NA,NA,NA,NA,NA
Kultuk_BG,XS B:SAM_16,oPort 1-SFP,0.5,-18.6,21.3,44.8,3.31,NA,NA,NA,NA,NA
Kultuk_BG,TS2:DMGE_4_L2,GE-ETY port 1-SFP,-5.0,-4.3,12.5,36.0,3.26,NA,NA,NA,NA,NA
Kultuk_BG,TS2:DMGE_4_L2,GE-ETY port 2-SFP,-40.0,-40.0,4.0,32.9,3.28,NA,NA,NA,NA,NA
Lugovaya,XS A:SAM_16,oPort 1-SFP,0.5,-10.8,21.8,41.5,3.31,NA,NA,NA,NA,NA
Lugovaya,XS B:SAM_16,oPort 1-SFP,0.5,-24.8,20.4,38.3,3.31,NA,NA,NA,NA,NA
Lugovaya,TS2:DMGE_4_L2,GE-ETY port 1-SFP,-4.9,-4.4,12.4,30.5,3.26,NA,NA,NA,NA,NA
Lugovaya,TS2:DMGE_4_L2,GE-ETY port 2-SFP,-40.0,-40.0,4.0,28.1,3.27,NA,NA,NA,NA,NA
Svetlaya,XS A:SAM_16,oPort 1-SFP,2.0,-11.9,25.7,30.2,3.32,NA,NA,NA,NA,NA
Svetlaya,XS B:SAM_16,oPort 1-SFP,1.7,-11.5,25.7,27.8,3.3,NA,NA,NA,NA,NA
Svetlaya,TS2:DMGE_4_L2,GE-ETY port 1-SFP,-6.6,-5.9,8.8,32.0,3.27,NA,NA,NA,NA,NA
Svetlaya,TS2:DMGE_4_L2,GE-ETY port 2-SFP,-21.4,-40.0,0.3,26.2,3.29,NA,NA,NA,NA,NA
Svetlaya,TS2:DMGE_4_L2,GE-ETY port 3-SFP,,,,,,,,,,
Svetlaya,TS2:DMGE_4_L2,GE-ETY port 4-SFP,,,,,,,,,,
Klyuchi_3,XS A:SAM_16,oPort 1-SFP,0.6,-15.9,21.8,42.0,3.3,NA,NA,NA,NA,NA
Klyuchi_3,XS B:SAM_16,oPort 1-SFP,0.5,-12.8,21.2,39.9,3.31,NA,NA,NA,NA,NA
Klyuchi_3,TS2:DMGE_4_L2,GE-ETY port 1-SFP,-5.0,-4.6,12.0,31.8,3.26,NA,NA,NA,NA,NA
Klyuchi_3,TS2:DMGE_4_L2,GE-ETY port 2-SFP,-40.0,-40.0,4.0,28.7,3.28,NA,NA,NA,NA,NA
Shelehovo,XS A:SAM_16,oPort 1-SFP,0.4,-22.4,24.5,50.3,3.31,NA,NA,NA,NA,NA
Shelehovo,XS B:SAM_16,oPort 1-SFP,0.5,-23.3,23.0,48.4,3.31,NA,NA,NA,NA,NA
Shelehovo,TS2:DMGE_4_L2,GE-ETY port 1-SFP,-4.9,-4.5,12.8,38.3,3.27,NA,NA,NA,NA,NA
Shelehovo,TS2:DMGE_4_L2,GE-ETY port 2-SFP,-40.0,-40.0,4.0,35.3,3.29,NA,NA,NA,NA,NA
Malaya_Elan,XS A:SAM_16,oPort 1-SFP,2.5,-11.8,27.6,42.0,3.25,NA,NA,NA,NA,NA
Malaya_Elan,XS B:SAM_16,oPort 1-SFP,2.3,-23.1,84.2,21.1,3.3,NA,NA,NA,NA,NA
Malaya_Elan,TS2:DMGE_4_L2,GE-ETY port 1-SFP,-6.4,-5.9,10.3,39.5,3.25,NA,NA,NA,NA,NA
Malaya_Elan,TS2:DMGE_4_L2,GE-ETY port 2-SFP,-37.0,-40.0,0.0,29.4,3.29,NA,NA,NA,NA,NA
Malaya_Elan,TS2:DMGE_4_L2,GE-ETY port 3-SFP,,,,,,,,,,
Malaya_Elan,TS2:DMGE_4_L2,GE-ETY port 4-SFP,,,,,,,,,,
Izumrudnaya,XS A:SAM_16,oPort 1-SFP,0.5,-13.9,22.3,47.5,3.31,NA,NA,NA,NA,NA
Izumrudnaya,XS B:SAM_16,oPort 1-SFP,0.5,-13.3,22.9,45.8,3.32,NA,NA,NA,NA,NA
Izumrudnaya,TS2:DMGE_4_L2,GE-ETY port 1-SFP,-5.2,-4.5,13.9,36.4,3.27,NA,NA,NA,NA,NA
Izumrudnaya,TS2:DMGE_4_L2,GE-ETY port 2-SFP,-40.0,-40.0,4.0,33.7,3.28,NA,NA,NA,NA,NA
Sputnik,XS A:SAM_16,oPort 1-SFP,0.4,-9.9,19.5,32.2,3.32,NA,NA,NA,NA,NA
Sputnik,XS B:SAM_16,oPort 1-SFP,0.6,-12.7,20.1,30.3,3.31,NA,NA,NA,NA,NA
Sputnik,TS2:DMGE_4_L2,GE-ETY port 1-SFP,-4.9,-5.0,11.1,21.4,3.27,NA,NA,NA,NA,NA
Sputnik,TS2:DMGE_4_L2,GE-ETY port 2-SFP,-40.0,-40.0,4.0,18.4,3.29,NA,NA,NA,NA,NA
UES_BG,XS A:SAM_16,oPort 1-SFP,0.5,-11.5,24.7,59.9,3.31,NA,NA,NA,NA,NA
UES_BG,XS B:SAM_16,oPort 1-SFP,2.4,-15.8,62.5,35.9,3.28,NA,NA,NA,NA,NA
UES_BG,TS2:DMGE_4_L2,GE-ETY port 1-SFP,-4.9,-4.8,15.1,48.0,3.26,NA,NA,NA,NA,NA
UES_BG,TS2:DMGE_4_L2,GE-ETY port 2-SFP,-40.0,-40.0,4.0,45.3,3.28,NA,NA,NA,NA,NA
UES_BG,TS2:DMGE_4_L2,GE-ETY port 3-SFP,,,,,,,,,,
UES_BG,TS2:DMGE_4_L2,GE-ETY port 4-SFP,,,,,,,,,,
UES_BG,TS3:SMQ1&4,oPort 1-SFP,1.8,-10.9,30.0,58.4,3.22,NA,NA,NA,NA,NA
UES_BG,TS3:SMQ1&4,oPort 2-SFP,-10.6,-10.9,6.9,43.6,3.24,NA,NA,NA,NA,NA
UES_BG,TS3:SMQ1&4,oPort 3-SFP,-10.5,-11.8,8.5,42.3,3.25,NA,NA,NA,NA,NA
UES_BG,TS3:SMQ1&4,oPort 4-SFP,,,,,,,,,,
Irkutskaya_BG,XS A:SAM_16,oPort 1-SFP,0.5,-13.3,23.0,45.7,3.31,NA,NA,NA,NA,NA
Irkutskaya_BG,XS B:SAM_16,oPort 1-SFP,0.4,-11.7,22.5,43.4,3.31,NA,NA,NA,NA,NA
Irkutskaya_BG,TS2:DMGE_4_L2,GE-ETY port 1-SFP,-5.0,-4.6,12.2,37.0,3.26,NA,NA,NA,NA,NA
Irkutskaya_BG,TS2:DMGE_4_L2,GE-ETY port 2-SFP,-5.0,-7.5,12.2,36.6,3.26,NA,NA,NA,NA,NA
Irkutskaya_BG,TS2:DMGE_4_L2,GE-ETY port 3-SFP,-4.9,-7.8,12.2,34.4,3.26,NA,NA,NA,NA,NA
UP-15,XS A:SAM_16,oPort 1-SFP,0.4,-13.6,21.0,39.3,3.31,NA,NA,NA,NA,NA
UP-15,XS B:SAM_16,oPort 1-SFP,0.4,-14.1,20.4,35.8,3.31,NA,NA,NA,NA,NA
UP-15,TS2:DMGE_4_L2,GE-ETY port 1-SFP,-4.9,-4.2,12.6,28.5,3.26,NA,NA,NA,NA,NA
UP-15,TS2:DMGE_4_L2,GE-ETY port 2-SFP,-40.0,-40.0,4.0,25.0,3.28,NA,NA,NA,NA,NA
Belorechenskaya,XS A:SAM_16,oPort 1-SFP,0.4,-14.8,19.1,34.2,3.31,NA,NA,NA,NA,NA
Belorechenskaya,XS B:SAM_16,oPort 1-SFP,0.6,-12.8,18.7,32.7,3.31,NA,NA,NA,NA,NA
Belorechenskaya,TS2:DMGE_4_L2,GE-ETY port 1-SFP,-5.2,-4.1,13.0,23.4,3.26,NA,NA,NA,NA,NA
Belorechenskaya,TS2:DMGE_4_L2,GE-ETY port 2-SFP,-40.0,-40.0,4.0,21.8,3.28,NA,NA,NA,NA,NA
Lesozavod,XS A:SAM_16,oPort 1-SFP,0.4,-22.0,20.0,40.3,3.32,NA,NA,NA,NA,NA
Lesozavod,XS B:SAM_16,oPort 1-SFP,0.4,-13.1,20.1,38.1,3.32,NA,NA,NA,NA,NA
Lesozavod,TS2:DMGE_4_L2,GE-ETY port 1-SFP,-5.1,-4.9,13.3,30.4,3.27,NA,NA,NA,NA,NA
Lesozavod,TS2:DMGE_4_L2,GE-ETY port 2-SFP,-40.0,-40.0,4.0,27.5,3.29,NA,NA,NA,NA,NA
ChRES,XS A:SAM_16,oPort 1-SFP,0.4,-14.0,22.1,44.1,3.3,NA,NA,NA,NA,NA
ChRES,XS B:SAM_16,oPort 1-SFP,0.5,-11.4,20.7,41.1,3.31,NA,NA,NA,NA,NA
ChRES,TS2:DMGE_4_L2,GE-ETY port 1-SFP,-4.8,-5.8,12.7,32.9,3.26,NA,NA,NA,NA,NA
ChRES,TS2:DMGE_4_L2,GE-ETY port 2-SFP,-40.0,-40.0,4.0,30.1,3.29,NA,NA,NA,NA,NA
Cheremhovo_BG,XS A:SAM_16,oPort 1-SFP,0.5,-28.0,20.4,36.1,3.31,NA,NA,NA,NA,NA
Cheremhovo_BG,XS B:SAM_16,oPort 1-SFP,0.4,-11.8,19.7,32.0,3.31,NA,NA,NA,NA,NA
Cheremhovo_BG,TS2:DMGE_4_L2,GE-ETY port 1-SFP,-4.9,-5.3,12.6,24.1,3.26,NA,NA,NA,NA,NA
Cheremhovo_BG,TS2:DMGE_4_L2,GE-ETY port 2-SFP,-5.0,-40.0,10.8,23.0,3.26,NA,NA,NA,NA,NA
Cheremhovo_BG,TS3:SMQ1&4,oPort 1-SFP,-0.1,-17.4,19.4,24.2,3.2,NA,NA,NA,NA,NA
Cheremhovo_BG,TS3:SMQ1&4,oPort 2-SFP,-1.0,-12.5,17.7,23.1,3.21,NA,NA,NA,NA,NA
Cheremhovo_BG,TS3:SMQ1&4,oPort 3-SFP,-10.6,-10.8,5.5,20.1,3.25,NA,NA,NA,NA,NA
Cheremhovo_BG,TS3:SMQ1&4,oPort 4-SFP,,,,,,,,,,
Kutulik,XS A:SAM_16,oPort 1-SFP,,,,,,,,,,
Kutulik,XS B:SAM_16,oPort 1-SFP,,,,,,,,,,
Kutulik,TS2:DMGE_4_L2,GE-ETY port 1-SFP,-5.0,-4.9,13.7,38.1,3.26,NA,NA,NA,NA,NA
Kutulik,TS2:DMGE_4_L2,GE-ETY port 2-SFP,-40.0,-40.0,4.0,34.7,3.29,NA,NA,NA,NA,NA
Kutulik,TS3:SMQ1&4,oPort 1-SFP,-0.3,-14.8,23.3,37.8,3.2,NA,NA,NA,NA,NA
Kutulik,TS3:SMQ1&4,oPort 2-SFP,,,,,,,,,,
Kutulik,TS3:SMQ1&4,oPort 3-SFP,,,,,,,,,,
Kutulik,TS3:SMQ1&4,oPort 4-SFP,,,,,,,,,,
Zarya_BG,XS A:SAM_16,oPort 1-SFP,0.4,-12.1,21.7,42.2,3.32,NA,NA,NA,NA,NA
Zarya_BG,XS B:SAM_16,oPort 1-SFP,-40.0,-4.1,0.0,33.7,3.32,NA,NA,NA,NA,NA
Zarya_BG,TS2:DMGE_4_L2,GE-ETY port 1-SFP,-4.9,-5.6,10.9,31.3,3.27,NA,NA,NA,NA,NA
Zarya_BG,TS2:DMGE_4_L2,GE-ETY port 2-SFP,-40.0,-37.0,4.0,26.9,3.29,NA,NA,NA,NA,NA
Zarya_BG,TS3:SMQ1&4,oPort 1-SFP,-1.2,-17.7,21.3,28.5,3.2,NA,NA,NA,NA,NA
Zarya_BG,TS3:SMQ1&4,oPort 2-SFP,,,,,,,,,,
Zarya_BG,TS3:SMQ1&4,oPort 3-SFP,,,,,,,,,,
Zarya_BG,TS3:SMQ1&4,oPort 4-SFP,,,,,,,,,,
Tyret_BG,XS A:SAM_16,oPort 1-SFP,-40.0,-40.0,0.0,42.2,3.32,NA,NA,NA,NA,NA
Tyret_BG,XS B:SAM_16,oPort 1-SFP,0.4,-11.8,23.0,44.5,3.31,NA,NA,NA,NA,NA
Tyret_BG,TS2:DMGE_4_L2,GE-ETY port 1-SFP,-5.0,-6.8,13.4,36.4,3.26,NA,NA,NA,NA,NA
Tyret_BG,TS2:DMGE_4_L2,GE-ETY port 2-SFP,-40.0,-40.0,4.0,33.4,3.28,NA,NA,NA,NA,NA
Tyret_BG,TS3:SMQ1&4,oPort 1-SFP,-1.1,-14.6,22.6,37.8,3.21,NA,NA,NA,NA,NA
Tyret_BG,TS3:SMQ1&4,oPort 2-SFP,,,,,,,,,,
Tyret_BG,TS3:SMQ1&4,oPort 3-SFP,,,,,,,,,,
Tyret_BG,TS3:SMQ1&4,oPort 4-SFP,,,,,,,,,,
Altarik,XS A:SAM_16,oPort 1-SFP,0.5,-11.0,23.5,48.9,3.3,NA,NA,NA,NA,NA
Altarik,XS B:SAM_16,oPort 1-SFP,0.5,-21.2,23.5,47.1,3.31,NA,NA,NA,NA,NA
Altarik,TS2:DMGE_4_L2,GE-ETY port 1-SFP,-5.0,-4.7,14.1,38.3,3.27,NA,NA,NA,NA,NA
Altarik,TS2:DMGE_4_L2,GE-ETY port 2-SFP,-40.0,-40.0,4.0,35.8,3.29,NA,NA,NA,NA,NA
Bahtay,XS A:SAM_16,oPort 1-SFP,0.5,-11.6,20.4,41.6,3.31,NA,NA,NA,NA,NA
Bahtay,XS B:SAM_16,oPort 1-SFP,0.4,-12.2,21.0,39.6,3.31,NA,NA,NA,NA,NA
Bahtay,TS2:DMGE_4_L2,GE-ETY port 1-SFP,-4.8,-3.6,13.0,30.2,3.27,NA,NA,NA,NA,NA
Bahtay,TS2:DMGE_4_L2,GE-ETY port 2-SFP,-40.0,-40.0,4.0,28.8,3.29,NA,NA,NA,NA,NA
Nukuty,XS A:SAM_16,oPort 1-SFP,0.4,-11.6,21.3,41.0,3.31,NA,NA,NA,NA,NA
Nukuty,XS B:SAM_16,oPort 1-SFP,0.5,-11.2,20.7,38.9,3.32,NA,NA,NA,NA,NA
Nukuty,TS2:DMGE_4_L2,GE-ETY port 1-SFP,-4.9,-5.2,13.1,30.3,3.28,NA,NA,NA,NA,NA
Nukuty,TS2:DMGE_4_L2,GE-ETY port 2-SFP,-40.0,-40.0,4.0,26.8,3.29,NA,NA,NA,NA,NA
Balagansk,XS A:SAM_16,oPort 1-SFP,0.5,-11.8,23.4,44.3,3.32,NA,NA,NA,NA,NA
Balagansk,XS B:SAM_16,oPort 1-SFP,0.5,-12.0,23.8,43.0,3.31,NA,NA,NA,NA,NA
Balagansk,TS2:DMGE_4_L2,GE-ETY port 1-SFP,-5.0,-4.7,13.2,34.3,3.26,NA,NA,NA,NA,NA
Balagansk,TS2:DMGE_4_L2,GE-ETY port 2-SFP,-40.0,-40.0,4.0,31.3,3.28,NA,NA,NA,NA,NA
Novoziminskaya_BG,XS A:SAM_16,oPort 1-SFP,0.5,-12.8,21.3,46.6,3.3,NA,NA,NA,NA,NA
Novoziminskaya_BG,XS B:SAM_16,oPort 1-SFP,0.6,-11.4,23.0,43.4,3.32,NA,NA,NA,NA,NA
Novoziminskaya_BG,TS2:DMGE_4_L2,GE-ETY port 1-SFP,-5.0,-4.2,12.6,34.7,3.28,NA,NA,NA,NA,NA
Novoziminskaya_BG,TS2:DMGE_4_L2,GE-ETY port 2-SFP,,,,,,,,,,
Novoziminskaya_BG,TS3:SMQ1&4,oPort 1-SFP,-10.3,-14.8,18.2,34.1,3.25,NA,NA,NA,NA,NA
Novoziminskaya_BG,TS3:SMQ1&4,oPort 2-SFP,-0.2,-11.1,22.4,37.3,3.2,NA,NA,NA,NA,NA
Novoziminskaya_BG,TS3:SMQ1&4,oPort 3-SFP,-10.8,-10.3,6.5,34.0,3.25,NA,NA,NA,NA,NA
Novoziminskaya_BG,TS3:SMQ1&4,oPort 4-SFP,,,,,,,,,,
ZiminskiyRES,XS A:SAM_16,oPort 1-SFP,,,,,,,,,,
ZiminskiyRES,XS B:SAM_16,oPort 1-SFP,,,,,,,,,,
ZiminskiyRES,TS2:DMGE_4_L2,GE-ETY port 1-SFP,-5.0,-4.8,11.5,25.2,3.28,NA,NA,NA,NA,NA
ZiminskiyRES,TS2:DMGE_4_L2,GE-ETY port 2-SFP,,,,,,,,,,
ZiminskiyRES,TS3:SMQ1&4,oPort 1-SFP,-9.6,-13.7,16.3,22.9,3.26,NA,NA,NA,NA,NA
ZiminskiyRES,TS3:SMQ1&4,oPort 2-SFP,,,,,,,,,,
ZiminskiyRES,TS3:SMQ1&4,oPort 3-SFP,,,,,,,,,,
ZiminskiyRES,TS3:SMQ1&4,oPort 4-SFP,,,,,,,,,,
Stroibaza,XS A:SAM_16,oPort 1-SFP,0.5,-13.5,19.0,30.6,3.31,NA,NA,NA,NA,NA
Stroibaza,XS B:SAM_16,oPort 1-SFP,0.5,-13.6,19.3,28.0,3.31,NA,NA,NA,NA,NA
Stroibaza,TS2:DMGE_4_L2,GE-ETY port 1-SFP,-5.1,-4.4,10.8,21.1,3.28,NA,NA,NA,NA,NA
Stroibaza,TS2:DMGE_4_L2,GE-ETY port 2-SFP,,,,,,,,,,
Oka,XS A:SAM_16,oPort 1-SFP,0.6,-14.3,22.0,42.6,3.3,NA,NA,NA,NA,NA
Oka,XS B:SAM_16,oPort 1-SFP,0.5,-9.6,20.9,40.9,3.31,NA,NA,NA,NA,NA
Oka,TS2:DMGE_4_L2,GE-ETY port 1-SFP,-4.9,-4.8,12.5,32.8,3.27,NA,NA,NA,NA,NA
Oka,TS2:DMGE_4_L2,GE-ETY port 2-SFP,,,,,,,,,,
ZSHK,XS A:SAM_16,oPort 1-SFP,0.4,-13.6,26.5,55.8,3.3,NA,NA,NA,NA,NA
ZSHK,XS B:SAM_16,oPort 1-SFP,0.6,-11.2,26.7,54.4,3.31,NA,NA,NA,NA,NA
ZSHK,TS2:DMGE_4_L2,GE-ETY port 1-SFP,-5.0,-4.9,13.7,45.3,3.27,NA,NA,NA,NA,NA
ZSHK,TS2:DMGE_4_L2,GE-ETY port 2-SFP,,,,,,,,,,
Harik,XS A:SAM_16,oPort 1-SFP,0.5,-11.5,20.8,39.2,3.32,NA,NA,NA,NA,NA
Harik,XS B:SAM_16,oPort 1-SFP,0.5,-13.9,20.4,36.6,3.31,NA,NA,NA,NA,NA
Harik,TS2:DMGE_4_L2,GE-ETY port 1-SFP,-4.9,-5.0,12.8,27.1,3.27,NA,NA,NA,NA,NA
Harik,TS2:DMGE_4_L2,GE-ETY port 2-SFP,,,,,,,,,,
Kuitun_BG,XS A:SAM_16,oPort 1-SFP,0.5,-15.0,22.5,41.9,3.3,NA,NA,NA,NA,NA
Kuitun_BG,XS B:SAM_16,oPort 1-SFP,0.5,-11.4,21.7,40.4,3.3,NA,NA,NA,NA,NA
Kuitun_BG,TS2:DMGE_4_L2,GE-ETY port 1-SFP,-4.9,-5.3,12.5,30.6,3.27,NA,NA,NA,NA,NA
Kuitun_BG,TS2:DMGE_4_L2,GE-ETY port 2-SFP,,,,,,,,,,
Kuitun_BG,TS2:DMGE_4_L2,GE-ETY port 3-SFP,,,,,,,,,,
Kuitun_BG,TS2:DMGE_4_L2,GE-ETY port 4-SFP,,,,,,,,,,
Mayskaya,XS A:SAM_16,oPort 1-SFP,0.4,-9.2,19.3,39.3,3.32,NA,NA,NA,NA,NA
Mayskaya,XS B:SAM_16,oPort 1-SFP,0.5,-15.2,21.7,38.4,3.32,NA,NA,NA,NA,NA
Mayskaya,TS2:DMGE_4_L2,GE-ETY port 1-SFP,-5.0,-4.7,11.9,28.3,3.27,NA,NA,NA,NA,NA
Mayskaya,TS2:DMGE_4_L2,GE-ETY port 2-SFP,,,,,,,,,,
ZES_SSDTU,XS A:SAM_16,oPort 1-SFP,0.5,-13.3,21.6,43.2,3.31,NA,NA,NA,NA,NA
ZES_SSDTU,XS B:SAM_16,oPort 1-SFP,0.4,-12.1,21.7,41.8,3.31,NA,NA,NA,NA,NA
ZES_SSDTU,TS2:DMGE_4_L2,GE-ETY port 1-SFP,-4.9,-4.9,13.2,32.7,3.27,NA,NA,NA,NA,NA
ZES_SSDTU,TS2:DMGE_4_L2,GE-ETY port 2-SFP,-40.0,-40.0,4.0,30.2,3.29,NA,NA,NA,NA,NA
ZES_SSDTU,TS2:DMGE_4_L2,GE-ETY port 3-SFP,,,,,,,,,,
ZES_SSDTU,TS2:DMGE_4_L2,GE-ETY port 4-SFP,,,,,,,,,,
Tulun_BG,XS A:SAM_16,oPort 1-SFP,0.4,-13.3,22.3,46.6,3.31,NA,NA,NA,NA,NA
Tulun_BG,XS B:SAM_16,oPort 1-SFP,0.5,-10.4,20.6,41.7,3.31,NA,NA,NA,NA,NA
Tulun_BG,TS2:DMGE_4_L2,GE-ETY port 1-SFP,-4.8,-5.5,12.7,33.9,3.27,NA,NA,NA,NA,NA
Tulun_BG,TS2:DMGE_4_L2,GE-ETY port 4-SFP,-5.1,-5.7,12.5,29.3,3.27,NA,NA,NA,NA,NA
Tulun_BG,TS3:SMQ1&4,oPort 1-SFP,-10.6,-13.6,17.0,32.1,3.25,NA,NA,NA,NA,NA
Tulun_BG,TS3:SMQ1&4,oPort 2-SFP,-9.3,-14.4,18.9,32.5,3.25,NA,NA,NA,NA,NA
Tulun_BG,TS3:SMQ1&4,oPort 3-SFP,-11.5,-10.8,17.2,32.1,3.25,NA,NA,NA,NA,NA
Tulun_BG,TS3:SMQ1&4,oPort 4-SFP,-11.0,-11.6,6.6,33.0,3.25,NA,NA,NA,NA,NA
CEP,XS A:SAM_16,oPort 1-SFP,0.4,-15.7,19.5,33.0,3.32,NA,NA,NA,NA,NA
CEP,XS B:SAM_16,oPort 1-SFP,0.5,-10.9,19.2,31.2,3.32,NA,NA,NA,NA,NA
CEP,TS2:DMGE_4_L2,GE-ETY port 1-SFP,-4.9,-4.4,10.8,21.8,3.27,NA,NA,NA,NA,NA
CEP,TS2:DMGE_4_L2,GE-ETY port 2-SFP,,,,,,,,,,
Azeiskaya,XS A:SAM_16,oPort 1-SFP,0.4,-13.3,22.3,42.1,3.31,NA,NA,NA,NA,NA
Azeiskaya,XS B:SAM_16,oPort 1-SFP,0.5,-9.7,21.4,39.5,3.3,NA,NA,NA,NA,NA
Azeiskaya,TS2:DMGE_4_L2,GE-ETY port 1-SFP,-4.8,-4.6,12.7,29.1,3.27,NA,NA,NA,NA,NA
Azeiskaya,TS2:DMGE_4_L2,GE-ETY port 2-SFP,,,,,,,,,,
Badar,XS A:SAM_16,oPort 1-SFP,0.5,-12.0,22.4,43.1,3.32,NA,NA,NA,NA,NA
Badar,XS B:SAM_16,oPort 1-SFP,0.5,-11.2,20.9,40.8,3.31,NA,NA,NA,NA,NA
Badar,TS2:DMGE_4_L2,GE-ETY port 1-SFP,-5.0,-4.9,10.0,31.4,3.28,NA,NA,NA,NA,NA
Badar,TS2:DMGE_4_L2,GE-ETY port 2-SFP,,,,,,,,,,
Steklozavod,XS A:SAM_16,oPort 1-SFP,0.4,-13.5,20.7,43.4,3.31,NA,NA,NA,NA,NA
Steklozavod,XS B:SAM_16,oPort 1-SFP,0.4,-11.4,21.5,41.3,3.31,NA,NA,NA,NA,NA
Steklozavod,TS2:DMGE_4_L2,GE-ETY port 1-SFP,-4.9,-5.1,12.3,32.0,3.27,NA,NA,NA,NA,NA
Steklozavod,TS2:DMGE_4_L2,GE-ETY port 2-SFP,,,,,,,,,,
Tulun_2_BG,XS A:SAM_16,oPort 1-SFP,0.6,-12.2,23.3,46.3,3.3,NA,NA,NA,NA,NA
Tulun_2_BG,XS B:SAM_16,oPort 1-SFP,0.5,-15.5,23.2,45.5,3.31,NA,NA,NA,NA,NA
Tulun_2_BG,TS2:SMQ1&4,oPort 1-SFP,-10.0,-13.4,17.1,33.3,3.26,NA,NA,NA,NA,NA
Tulun_2_BG,TS2:SMQ1&4,oPort 2-SFP,,,,,,,,,,
Tulun_2_BG,TS2:SMQ1&4,oPort 3-SFP,,,,,,,,,,
Tulun_2_BG,TS2:SMQ1&4,oPort 4-SFP,-10.4,-11.2,13.9,31.2,3.26,NA,NA,NA,NA,NA
Tulun_2_BG,TS3:DMGE_4_L2,GE-ETY port 4-SFP,-5.0,-5.7,11.7,30.3,3.28,NA,NA,NA,NA,NA
Sheberta_BG,XS A:SAM_16,oPort 1-SFP,0.4,-11.4,23.4,47.4,3.3,NA,NA,NA,NA,NA
Sheberta_BG,XS B:SAM_16,oPort 1-SFP,0.6,-14.4,23.0,42.8,3.31,NA,NA,NA,NA,NA
Sheberta_BG,TS2:DMGE_4_L2,GE-ETY port 1-SFP,-5.0,-4.5,12.6,33.8,3.27,NA,NA,NA,NA,NA
Sheberta_BG,TS2:DMGE_4_L2,GE-ETY port 2-SFP,,,,,,,,,,
Sheberta_BG,TS2:DMGE_4_L2,GE-ETY port 3-SFP,,,,,,,,,,
Sheberta_BG,TS2:DMGE_4_L2,GE-ETY port 4-SFP,,,,,,,,,,
Sheberta_BG,TS3:SMQ1&4,oPort 1-SFP,-1.0,-13.2,22.9,35.7,3.21,NA,NA,NA,NA,NA
Sheberta_BG,TS3:SMQ1&4,oPort 2-SFP,,,,,,,,,,
Sheberta_BG,TS3:SMQ1&4,oPort 3-SFP,,,,,,,,,,
Sheberta_BG,TS3:SMQ1&4,oPort 4-SFP,,,,,,,,,,
Katarbei,XS A:SAM_16,oPort 1-SFP,,,,,,,,,,
Katarbei,XS B:SAM_16,oPort 1-SFP,,,,,,,,,,
Katarbei,TS2:DMGE_4_L2,GE-ETY port 1-SFP,-5.2,-5.0,15.7,23.4,3.27,NA,NA,NA,NA,NA
Katarbei,TS2:DMGE_4_L2,GE-ETY port 2-SFP,,,,,,,,,,
Katarbei,TS3:SMQ1&4,oPort 1-SFP,-0.1,-13.7,20.9,23.8,3.21,NA,NA,NA,NA,NA
Katarbei,TS3:SMQ1&4,oPort 2-SFP,,,,,,,,,,
Katarbei,TS3:SMQ1&4,oPort 3-SFP,,,,,,,,,,
Katarbei,TS3:SMQ1&4,oPort 4-SFP,,,,,,,,,,
Rubahino_BG,XS A:SAM_16,oPort 1-SFP,0.5,-9.2,20.5,43.4,3.31,NA,NA,NA,NA,NA
Rubahino_BG,XS B:SAM_16,oPort 1-SFP,0.4,-12.7,20.0,38.6,3.31,NA,NA,NA,NA,NA
Rubahino_BG,TS2:DMGE_4_L2,GE-ETY port 1-SFP,-4.8,-4.9,11.8,32.4,3.27,NA,NA,NA,NA,NA
Rubahino_BG,TS2:DMGE_4_L2,GE-ETY port 2-SFP,,,,,,,,,,
Vodopad,XS A:SAM_16,oPort 1-SFP,0.4,-11.1,22.6,44.4,3.32,NA,NA,NA,NA,NA
Vodopad,XS B:SAM_16,oPort 1-SFP,0.6,-17.8,22.6,41.3,3.31,NA,NA,NA,NA,NA
Vodopad,TS2:DMGE_4_L2,GE-ETY port 1-SFP,-5.1,-5.3,12.6,33.0,3.28,NA,NA,NA,NA,NA
Vodopad,TS2:DMGE_4_L2,GE-ETY port 2-SFP,,,,,,,,,,
Silikatnaya_BG,XS A:SAM_16,oPort 1-SFP,0.5,-10.8,22.2,42.0,3.3,NA,NA,NA,NA,NA
Silikatnaya_BG,XS B:SAM_16,oPort 1-SFP,0.5,-17.4,20.9,39.8,3.32,NA,NA,NA,NA,NA
Silikatnaya_BG,TS2:DMGE_4_L2,GE-ETY port 1-SFP,-4.9,-4.8,13.5,30.6,3.27,NA,NA,NA,NA,NA
Silikatnaya_BG,TS2:DMGE_4_L2,GE-ETY port 2-SFP,,,,,,,,,,
Taishet_BG,XS A:SAM_16,oPort 1-SFP,0.5,-11.7,24.1,53.8,3.3,NA,NA,NA,NA,NA
Taishet_BG,XS B:SAM_16,oPort 1-SFP,0.5,-9.6,24.8,50.4,3.31,NA,NA,NA,NA,NA
Taishet_BG,TS2:DMGE_4_L2,GE-ETY port 1-SFP,-5.0,-4.8,13.4,41.4,3.26,NA,NA,NA,NA,NA
Taishet_BG,TS2:DMGE_4_L2,GE-ETY port 2-SFP,,,,,,,,,,
Taishet_BG,TS3:SMQ1&4,oPort 1-SFP,-9.7,-19.9,17.3,38.4,3.25,NA,NA,NA,NA,NA
Taishet_BG,TS3:SMQ1&4,oPort 2-SFP,,,,,,,,,,
Taishet_BG,TS3:SMQ1&4,oPort 3-SFP,,,,,,,,,,
Taishet_BG,TS3:SMQ1&4,oPort 4-SFP,,,,,,,,,,
Birusa_2,XS A:SAM_16,oPort 1-SFP,,,,,,,,,,
Birusa_2,XS B:SAM_16,oPort 1-SFP,0.5,-12.0,22.9,47.0,3.31,NA,NA,NA,NA,NA
Birusa_2,TS2:DMGE_4_L2,GE-ETY port 1-SFP,-4.8,-4.9,12.6,39.3,3.27,NA,NA,NA,NA,NA
Birusa_2,TS2:DMGE_4_L2,GE-ETY port 2-SFP,,,,,,,,,,
Irkutskaya_BG_1,A1:SAM_4,oPort 1-SFP,-11.2,-11.6,25.6,39.0,3.29,NA,NA,NA,NA,NA
Irkutskaya_BG_1,A2:SAM_4,oPort 1-SFP,-40.0,-40.0,0.0,34.9,3.32,NA,NA,NA,NA,NA
Irkutskaya_BG_1,IOM:SMD1H,oPort 1-SFP,2.2,-16.8,30.7,31.4,3.29,NA,NA,NA,NA,NA
Irkutskaya_BG_1,IOM:SMD1H,oPort 2-SFP,-10.7,-11.9,16.0,35.7,3.3,NA,NA,NA,NA,NA
Irkutskaya_BG_2,A1:SAM_4,oPort 1-SFP,-10.0,-11.0,30.5,33.8,3.29,NA,NA,NA,NA,NA
Irkutskaya_BG_2,A2:SAM_4,oPort 1-SFP,-40.0,-40.0,0.0,31.3,3.35,NA,NA,NA,NA,NA
Irkutskaya_BG_2,IOM:SMD1H,oPort 1-SFP,2.1,-18.7,29.7,30.7,3.29,NA,NA,NA,NA,NA
Irkutskaya_BG_2,IOM:SMD1H,oPort 2-SFP,-2.5,-18.0,20.9,30.9,3.33,NA,NA,NA,NA,NA
UES_BG_1,A1:SAM_1,oPort 1-SFP,-9.3,-12.7,17.7,37.9,3.3,NA,NA,NA,NA,NA
UES_BG_1,A2:SAM_1,oPort 1-SFP,-11.6,-10.1,15.8,38.2,3.3,NA,NA,NA,NA,NA
UES_BG_1,ES1:S1_4,oPort 1-SFP,2.1,-21.3,29.1,39.0,3.23,NA,NA,NA,NA,NA
UES_BG_1,ES1:S1_4,oPort 2-SFP,2.3,-3.7,16.8,28.0,3.2,NA,NA,NA,NA,NA
UES_BG_1,ES1:S1_4,oPort 3-SFP,-0.2,-9.7,25.7,41.1,3.2,NA,NA,NA,NA,NA
UES_BG_1,ES1:S1_4,oPort 4-SFP,,,,,,,,,,
UES_BG_2,A1:SAM_1,oPort 1-SFP,-10.2,-10.9,18.8,38.4,3.32,NA,NA,NA,NA,NA
UES_BG_2,A2:SAM_1,oPort 1-SFP,-2.6,-13.0,21.6,45.7,3.34,NA,NA,NA,NA,NA
UES_BG_2,ES1:S1_4,oPort 1-SFP,2.6,-21.9,14.1,26.3,3.28,NA,NA,NA,NA,NA
UES_BG_2,ES1:S1_4,oPort 2-SFP,-11.1,-11.0,16.4,37.0,3.25,NA,NA,NA,NA,NA
UES_BG_2,ES1:S1_4,oPort 3-SFP,-2.1,-8.7,26.1,44.3,3.22,NA,NA,NA,NA,NA
UES_BG_2,ES1:S1_4,oPort 4-SFP,,,,,,,,,,
Studencheskaya,A1:SAM_1,oPort 1-SFP,3.1,-22.2,14.1,24.2,3.31,NA,NA,NA,NA,NA
Studencheskaya,A2:SAM_1,oPort 1-SFP,2.3,-22.8,29.0,26.9,3.39,NA,NA,NA,NA,NA
Studencheskaya,IOM:SMD1H,oPort 1-SFP,2.3,-19.0,27.3,43.9,3.31,NA,NA,NA,NA,NA
Studencheskaya,IOM:SMD1H,oPort 2-SFP,-10.0,-23.0,16.5,33.6,3.3,NA,NA,NA,NA,NA
Studencheskaya_2,A1:SAM_1,oPort 1-SFP,-11.6,-11.6,15.4,32.3,3.32,NA,NA,NA,NA,NA
Studencheskaya_2,A2:SAM_1,oPort 1-SFP,-10.7,-11.4,18.5,32.2,3.32,NA,NA,NA,NA,NA
Studencheskaya_2,IOM:SMD1H,oPort 1-SFP,1.5,-19.0,33.3,45.1,3.29,NA,NA,NA,NA,NA
Studencheskaya_2,IOM:SMD1H,oPort 2-SFP,2.3,-15.9,32.3,45.6,3.29,NA,NA,NA,NA,NA
Kirovskaya,A1:SAM_1,oPort 1-SFP,1.5,-21.2,28.0,34.7,3.32,NA,NA,NA,NA,NA
Kirovskaya,A2:SAM_1,oPort 1-SFP,1.6,-10.8,27.0,26.0,3.32,NA,NA,NA,NA,NA
Kirovskaya,IOM:SMD1H,oPort 1-SFP,1.4,-4.9,28.6,28.6,3.3,NA,NA,NA,NA,NA
Kirovskaya,IOM:SMD1H,oPort 2-SFP,2.2,-6.1,28.9,27.9,3.3,NA,NA,NA,NA,NA
Kirovskaya_2,A1:SAM_1,oPort 1-SFP,-9.6,-13.2,17.0,23.8,3.31,NA,NA,NA,NA,NA
Kirovskaya_2,A2:SAM_1,oPort 1-SFP,2.0,-11.1,11.3,10.0,3.32,NA,NA,NA,NA,NA
Kirovskaya_2,IOM:SMD1H,oPort 1-SFP,1.8,-5.7,28.8,28.8,3.28,NA,NA,NA,NA,NA
Kirovskaya_2,IOM:SMD1H,oPort 2-SFP,2.4,-5.1,32.8,29.1,3.28,NA,NA,NA,NA,NA
Oktyabrskaya,A1:SAM_1,oPort 1-SFP,2.7,-11.5,27.1,33.3,3.31,NA,NA,NA,NA,NA
Oktyabrskaya,A2:SAM_1,oPort 1-SFP,1.6,-5.2,27.5,33.2,3.31,NA,NA,NA,NA,NA
Oktyabrskaya_2,A1:SAM_1,oPort 1-SFP,1.8,-13.9,25.5,33.5,3.31,NA,NA,NA,NA,NA
Oktyabrskaya_2,A2:SAM_1,oPort 1-SFP,1.6,-4.2,24.8,32.5,3.31,NA,NA,NA,NA,NA
Pravoberezhnaya,A1:SAM_1,oPort 1-SFP,1.6,-11.0,25.4,33.4,3.32,NA,NA,NA,NA,NA
Pravoberezhnaya,A2:SAM_1,oPort 1-SFP,-9.8,-17.4,14.4,36.1,3.34,NA,NA,NA,NA,NA
Pravoberezhnaya,IOM:SMD1H,oPort 1-SFP,1.6,-5.3,26.0,35.8,3.31,NA,NA,NA,NA,NA
Pravoberezhnaya,IOM:SMD1H,oPort 2-SFP,3.6,-5.4,26.5,33.6,3.36,NA,NA,NA,NA,NA
Pravoberezhnaya_2,A1:SAM_1,oPort 1-SFP,2.1,-10.6,25.6,34.2,3.32,NA,NA,NA,NA,NA
Pravoberezhnaya_2,A2:SAM_1,oPort 1-SFP,-9.4,-18.5,14.4,39.0,3.33,NA,NA,NA,NA,NA
Pravoberezhnaya_2,IOM:SMD1H,oPort 1-SFP,3.0,-8.9,15.6,29.2,3.27,NA,NA,NA,NA,NA
Pravoberezhnaya_2,IOM:SMD1H,oPort 2-SFP,3.5,-6.7,25.7,30.2,3.34,NA,NA,NA,NA,NA
Pivovariha,A1:SAM_1,oPort 1-SFP,-9.9,-14.0,8.4,45.8,3.32,NA,NA,NA,NA,NA
Pivovariha,A2:SAM_1,oPort 1-SFP,1.6,-16.5,34.8,63.7,3.3,NA,NA,NA,NA,NA
Pivovariha_2,A1:SAM_1,oPort 1-SFP,-9.9,-15.2,8.4,47.0,3.34,NA,NA,NA,NA,NA
Pivovariha_2,A2:SAM_1,oPort 1-SFP,2.2,-16.4,37.1,65.9,3.32,NA,NA,NA,NA,NA
Vostochnaya_2,A1:SAM_1,oPort 1-SFP,2.1,-8.2,24.4,34.1,3.35,NA,NA,NA,NA,NA
Vostochnaya_2,A2:SAM_1,oPort 1-SFP,-11.1,-18.4,6.2,33.8,3.32,NA,NA,NA,NA,NA
Vostochnaya,A1:SAM_1,oPort 1-SFP,-1.6,-14.0,17.8,38.2,3.27,NA,NA,NA,NA,NA
Vostochnaya,A2:SAM_1,oPort 1-SFP,-11.7,-15.7,14.8,32.9,3.33,NA,NA,NA,NA,NA
Pokrovskaya_2,A1:SAM_1,oPort 1-SFP,-11.8,-16.6,16.5,28.3,3.33,NA,NA,NA,NA,NA
Pokrovskaya_2,A2:SAM_1,oPort 1-SFP,-10.4,-17.8,27.7,37.5,3.31,NA,NA,NA,NA,NA
Pokrovskaya,A1:SAM_1,oPort 1-SFP,-10.8,-15.1,15.6,30.8,3.32,NA,NA,NA,NA,NA
Pokrovskaya,A2:SAM_1,oPort 1-SFP,-10.5,-17.8,16.3,30.4,3.32,NA,NA,NA,NA,NA
Pivzavod,A1:SAM_1,oPort 1-SFP,2.2,-14.4,28.2,48.8,3.33,NA,NA,NA,NA,NA
Pivzavod,A2:SAM_1,oPort 1-SFP,2.3,-25.4,33.8,41.9,3.44,NA,NA,NA,NA,NA
Pivzavod_2,A1:SAM_1,oPort 1-SFP,0.8,-9.6,23.2,43.2,3.33,NA,NA,NA,NA,NA
Pivzavod_2,A2:SAM_1,oPort 1-SFP,2.3,-25.1,25.7,30.7,3.38,NA,NA,NA,NA,NA
Centralnaya,A1:SAM_1,oPort 1-SFP,2.2,-11.6,22.5,27.2,3.33,NA,NA,NA,NA,NA
Centralnaya,A2:SAM_1,oPort 1-SFP,0.9,-8.0,16.9,28.7,3.36,NA,NA,NA,NA,NA
Centralnaya_2,A1:SAM_1,oPort 1-SFP,1.1,-10.5,23.6,30.1,3.32,NA,NA,NA,NA,NA
Centralnaya_2,A2:SAM_1,oPort 1-SFP,2.0,-5.0,21.3,30.0,3.32,NA,NA,NA,NA,NA
Rabochaya,A1:SAM_1,oPort 1-SFP,2.1,-8.7,25.0,43.3,3.3,NA,NA,NA,NA,NA
Rabochaya,A2:SAM_1,oPort 1-SFP,2.3,-10.6,31.5,28.0,3.39,NA,NA,NA,NA,NA
Rabochaya_2,A1:SAM_1,oPort 1-SFP,1.7,-5.4,23.6,45.4,3.32,NA,NA,NA,NA,NA
Rabochaya_2,A2:SAM_1,oPort 1-SFP,1.6,-11.6,29.3,47.0,3.32,NA,NA,NA,NA,NA
Znamenskaya,A1:SAM_1,oPort 1-SFP,2.1,-16.3,23.8,40.1,3.33,NA,NA,NA,NA,NA
Znamenskaya,A2:SAM_1,oPort 1-SFP,3.0,-9.9,26.7,47.0,3.33,NA,NA,NA,NA,NA
Znamenskaya,IOM:SMD1H,oPort 1-SFP,,,,,,,,,,
Znamenskaya,IOM:SMD1H,oPort 2-SFP,,,,,,,,,,
Znamenskaya_2,A1:SAM_1,oPort 1-SFP,1.6,-12.0,22.3,42.3,3.32,NA,NA,NA,NA,NA
Znamenskaya_2,A2:SAM_1,oPort 1-SFP,2.6,-3.6,31.2,43.5,3.32,NA,NA,NA,NA,NA
Karluk,A1:SAM_1,oPort 1-SFP,1.5,-28.9,34.0,27.2,3.39,NA,NA,NA,NA,NA
Karluk,A2:SAM_1,oPort 1-SFP,1.0,-2.1,20.4,32.0,3.29,NA,NA,NA,NA,NA
Karluk_2,A1:SAM_1,oPort 1-SFP,1.5,-21.9,33.3,29.0,3.39,NA,NA,NA,NA,NA
Karluk_2,A2:SAM_1,oPort 1-SFP,1.0,-5.0,21.3,32.3,3.3,NA,NA,NA,NA,NA
Homutovo,A1:SAM_1,oPort 1-SFP,1.0,-1.2,15.4,30.2,3.28,NA,NA,NA,NA,NA
Homutovo,A2:SAM_1,oPort 1-SFP,1.0,-1.7,16.3,30.2,3.28,NA,NA,NA,NA,NA
Homutovo_2,A1:SAM_1,oPort 1-SFP,1.0,-2.8,18.6,31.4,3.3,NA,NA,NA,NA,NA
Homutovo_2,A2:SAM_1,oPort 1-SFP,0.0,-5.3,17.7,31.8,3.31,NA,NA,NA,NA,NA
Bytovaya,A1:SAM_1,oPort 1-SFP,-11.2,-14.2,16.3,28.7,3.33,NA,NA,NA,NA,NA
Bytovaya,A2:SAM_1,oPort 1-SFP,-11.7,-12.0,15.7,28.5,3.32,NA,NA,NA,NA,NA
Bytovaya_2,A1:SAM_1,oPort 1-SFP,-11.4,-22.3,15.2,29.4,3.32,NA,NA,NA,NA,NA
Bytovaya_2,A2:SAM_1,oPort 1-SFP,-10.4,-14.9,15.4,29.2,3.33,NA,NA,NA,NA,NA
Melnikovo,A1:SAM_1,oPort 1-SFP,2.2,-7.2,21.5,40.8,3.33,NA,NA,NA,NA,NA
Melnikovo,A2:SAM_1,oPort 1-SFP,0.9,-6.1,14.4,36.3,3.33,NA,NA,NA,NA,NA
Melnikovo_2,A1:SAM_1,oPort 1-SFP,2.2,-12.3,28.1,27.1,3.32,NA,NA,NA,NA,NA
Melnikovo_2,A2:SAM_1,oPort 1-SFP,1.7,-9.5,17.9,31.9,3.37,NA,NA,NA,NA,NA
IGES_2,A1:SAM_4,oPort 1-SFP,1.4,-13.4,30.1,45.8,3.3,NA,NA,NA,NA,NA
IGES_2,A2:SAM_4,oPort 1-SFP,-10.0,-9.9,10.8,23.9,3.29,NA,NA,NA,NA,NA
PRES,A1:SAM_4,oPort 1-SFP,1.4,-10.9,30.2,56.5,3.25,NA,NA,NA,NA,NA
PRES,A2:SAM_4,oPort 1-SFP,1.2,-13.6,30.2,49.5,3.26,NA,NA,NA,NA,NA
NITEC,A1:SAM_1,oPort 1-SFP,2.0,-7.5,24.0,38.1,3.31,NA,NA,NA,NA,NA
NITEC,A2:SAM_1,oPort 1-SFP,-10.6,-10.6,22.2,42.6,3.33,NA,NA,NA,NA,NA
NITEC,ES3:MPS_2G_8F,GE-ETY port 1-SFP,-31.0,-40.0,4.0,22.3,3.28,NA,NA,NA,NA,NA
NITEC,ES3:MPS_2G_8F,GE-ETY port 2-SFP,-34.0,-40.0,4.0,21.9,3.28,NA,NA,NA,NA,NA
NovayaLisiha,A1:SAM_1,oPort 1-SFP,-10.6,-17.8,7.3,36.3,3.32,NA,NA,NA,NA,NA
NovayaLisiha,A2:SAM_1,oPort 1-SFP,-0.5,-13.0,23.1,35.5,3.31,NA,NA,NA,NA,NA
NovayaLisiha_2,A1:SAM_1,oPort 1-SFP,-10.7,-16.8,7.2,35.7,3.32,NA,NA,NA,NA,NA
NovayaLisiha_2,A2:SAM_1,oPort 1-SFP,-1.3,-11.0,23.0,36.7,3.31,NA,NA,NA,NA,NA
Stolbovo,A1:SAM_1,oPort 1-SFP,-1.5,-13.0,15.7,28.5,3.27,NA,NA,NA,NA,NA
Stolbovo,A2:SAM_1,oPort 1-SFP,-2.0,-11.7,21.0,31.3,3.28,NA,NA,NA,NA,NA
Stolbovo_2,A1:SAM_1,oPort 1-SFP,2.0,-9.9,27.4,26.9,3.32,NA,NA,NA,NA,NA
Stolbovo_2,A2:SAM_1,oPort 1-SFP,-2.0,-16.2,22.7,25.1,3.35,NA,NA,NA,NA,NA
TEC-7,A1:SAM_1,oPort 1-SFP,-10.7,-17.4,9.6,39.4,3.38,NA,NA,NA,NA,NA
TEC-7,A2:SAM_4,oPort 1-SFP,-40.0,-40.0,0.0,30.8,3.31,NA,NA,NA,NA,NA
NITEC_2,A1:SAM_1,oPort 1-SFP,-11.5,-11.2,23.5,36.5,3.32,NA,NA,NA,NA,NA
NITEC_2,A2:SAM_1,oPort 1-SFP,2.1,-15.4,22.7,34.8,3.29,NA,NA,NA,NA,NA
ATS-24,A1:SAM_1,oPort 1-SFP,-10.6,-12.0,7.6,34.0,3.29,NA,NA,NA,NA,NA
ATS-24,A2:SAM_1,oPort 1-SFP,-10.9,-11.6,6.1,33.1,3.29,NA,NA,NA,NA,NA
CUS_BG,XS A:SAM_4,oPort 1-SFP,-10.1,-11.1,9.3,24.6,3.23,NA,NA,NA,NA,NA
CUS_BG,XS B:SAM_4,oPort 1-SFP,1.3,-9.8,30.1,44.6,3.22,NA,NA,NA,NA,NA
CUS_BG,ES3:MPS_2G_8F,GE-ETY port 1-SFP,,,,,,,,,,
CUS_BG,ES3:MPS_2G_8F,GE-ETY port 2-SFP,-34.0,-40.0,4.0,21.9,3.28,NA,NA,NA,NA,NA
Birusa,A1:SAM_1,oPort 1-SFP,-11.6,-18.3,27.3,43.2,3.28,NA,NA,NA,NA,NA
Birusa,A2:SAM_4,oPort 1-SFP,-0.1,-15.8,12.0,29.3,3.29,NA,NA,NA,NA,NA
Klyuchi,A1:SAM_1,oPort 1-SFP,-10.7,-14.9,27.1,35.9,3.32,NA,NA,NA,NA,NA
Klyuchi,A2:SAM_1,oPort 1-SFP,-2.0,-14.2,10.0,27.1,3.3,NA,NA,NA,NA,NA
TEC-12,A1:SAM_1,oPort 1-SFP,-10.7,-10.1,24.3,36.1,3.28,NA,NA,NA,NA,NA
SES,A1:SAM_4,oPort 1-SFP,-10.4,-13.1,23.7,37.8,3.26,NA,NA,NA,NA,NA
SES,A2:SAM_4,oPort 1-SFP,-40.0,-40.0,0.0,42.4,3.29,NA,NA,NA,NA,NA
